human_data/align/cuong/11428509_1620987894821792_4873661233020328497_n.png 36 58 144 196
human_data/align/cuong/18835963_1906769586243620_4384061265516565147_n.png 339 136 528 385
human_data/align/cuong/19961227_1932749396978972_4851382390025509485_n.png 138 135 265 282
human_data/align/cuong/18813485_1906769326243646_2984621911855400995_n.png 263 47 385 218
human_data/align/cuong/18010716_1888237428096836_9184148263116034632_n.png 100 98 112 114
human_data/align/dtrinh/51056118_954595798064766_8179736679469285376_n.png 344 396 417 483
human_data/align/dtrinh/28058665_739183302939351_493512450456750250_n.png 424 136 561 314
human_data/align/dtrinh/14095858_510901365767547_4082137548603841429_n.png 312 302 699 801
human_data/align/dtrinh/28056664_738876116303403_809143164658263434_n.png 158 432 210 498
human_data/align/qtrinh/37334334_1614599475317730_1333130871988813824_n.png 380 727 650 1170
human_data/align/qtrinh/IMG_0107.png 469 794 1699 2485
human_data/align/qtrinh/GGUS1103.png 492 774 1754 2514
human_data/align/qtrinh/37421767_1614599551984389_1687130340042211328_n.png 393 130 682 509
human_data/align/qtrinh/IMG_0131.png 346 938 1641 2725
human_data/align/qtrinh/IMG_0948.png 385 387 710 721
human_data/align/qtrinh/IMG_0978.png 756 765 1692 1981
human_data/align/qtrinh/IMG_0973.png
